1.400004577636718750e+01
2.238172912597656250e+01
2.184664916992187500e+01
2.591349029541015625e+01
1.791817474365234375e+01
2.718225860595703125e+01
1.906042480468750000e+01
2.930108070373535156e+01
3.092605209350585938e+01
3.643490600585937500e+01
3.476916122436523438e+01
3.873132705688476562e+01
3.645642852783203125e+01
3.902041244506835938e+01
3.645068359375000000e+01
4.184857177734375000e+01
3.831692123413085938e+01
4.270626449584960938e+01
4.327220153808593750e+01
3.620291137695312500e+01
4.231687164306640625e+01
3.149981117248535156e+01
4.178298950195312500e+01
4.908488845825195312e+01
4.032092666625976562e+01
4.734965133666992188e+01
5.312097930908203125e+01
5.254199981689453125e+01
5.299430084228515625e+01
5.089598846435546875e+01
5.490158081054687500e+01
5.641073226928710938e+01
5.833022689819335938e+01
5.603528594970703125e+01
5.888029861450195312e+01
2.136519241333007812e+01
1.389571666717529297e+01
1.441500663757324219e+01
1.378432655334472656e+01
1.387906742095947266e+01
1.462950992584228516e+01
1.270826721191406250e+01
1.520483589172363281e+01
1.528897094726562500e+01
1.541691493988037109e+01
1.700268363952636719e+01
1.686490821838378906e+01
1.568007755279541016e+01
1.958411979675292969e+01
1.846574211120605469e+01
2.044498825073242188e+01
1.704093360900878906e+01
2.149719619750976562e+01
2.458391761779785156e+01
2.617850875854492188e+01
2.653354644775390625e+01
2.112323379516601562e+01
2.430153274536132812e+01
2.207243156433105469e+01
2.204676055908203125e+01
2.728725242614746094e+01
3.289510345458984375e+01
2.877475166320800781e+01
3.682681274414062500e+01
3.581763839721679688e+01
3.243386077880859375e+01
4.165127944946289062e+01
3.846168899536132812e+01
3.298165512084960938e+01
4.432062149047851562e+01
3.527948379516601562e+01
4.523340606689453125e+01
3.386818695068359375e+01
4.226399993896484375e+01
4.825994491577148438e+01
4.883039093017578125e+01
4.884570693969726562e+01
5.067648315429687500e+01
5.292786788940429688e+01
5.082664871215820312e+01
4.211132431030273438e+01
4.082751083374023438e+01
4.691328811645507812e+01
5.451273727416992188e+01
5.907461547851562500e+01
5.693130874633789062e+01
6.080171585083007812e+01
5.283822250366210938e+01
1.360793304443359375e+01
1.173525905609130859e+01
7.386237144470214844e+00
1.378885650634765625e+01
1.483879470825195312e+01
1.429427146911621094e+01
1.456354808807373047e+01
1.526854705810546875e+01
1.447683525085449219e+01
1.425365066528320312e+01
1.492384910583496094e+01
1.622199058532714844e+01
1.834404563903808594e+01
1.940023994445800781e+01
1.869966125488281250e+01
1.811485099792480469e+01
2.244368743896484375e+01
2.036499786376953125e+01
1.702746582031250000e+01
1.990307235717773438e+01
1.904813194274902344e+01
2.859822082519531250e+01
2.661152076721191406e+01
2.856154060363769531e+01
2.383491516113281250e+01
2.406459999084472656e+01
3.095331573486328125e+01
3.479336547851562500e+01
2.678734207153320312e+01
2.930952072143554688e+01
3.823580932617187500e+01
4.173478698730468750e+01
3.367581558227539062e+01
4.167535400390625000e+01
3.461543655395507812e+01
4.054256057739257812e+01
3.878739547729492188e+01
3.840382385253906250e+01
4.328971862792968750e+01
4.489571380615234375e+01
3.592791366577148438e+01
4.593540573120117188e+01
4.993371582031250000e+01
4.796293640136718750e+01
4.397895812988281250e+01
4.893223953247070312e+01
5.437568664550781250e+01
5.798354339599609375e+01
5.336541366577148438e+01
5.088244247436523438e+01
4.619702911376953125e+01
6.128849029541015625e+01
1.370046520233154297e+01
1.310498046875000000e+01
1.383237266540527344e+01
1.421687126159667969e+01
1.438748741149902344e+01
1.470158100128173828e+01
1.448122024536132812e+01
1.439758300781250000e+01
1.642992401123046875e+01
1.576774692535400391e+01
1.784249877929687500e+01
1.684811592102050781e+01
1.634595870971679688e+01
1.771719741821289062e+01
1.905199813842773438e+01
1.889555549621582031e+01
2.325217628479003906e+01
1.624197959899902344e+01
2.768012428283691406e+01
3.473952102661132812e+01
2.901429939270019531e+01
2.220407867431640625e+01
1.682193946838378906e+01
1.792891502380371094e+01
2.360484695434570312e+01
3.160016250610351562e+01
3.092012214660644531e+01
3.344719314575195312e+01
2.413356018066406250e+01
3.267188644409179688e+01
3.094309234619140625e+01
2.932304000854492188e+01
3.771371078491210938e+01
2.055044364929199219e+01
2.239157867431640625e+01
4.050119018554687500e+01
4.538976287841796875e+01
4.077191925048828125e+01
4.095921707153320312e+01
4.225926208496093750e+01
4.447653961181640625e+01
4.864308929443359375e+01
4.518834304809570312e+01
4.750418472290039062e+01
4.723973846435546875e+01
5.196956253051757812e+01
5.744177246093750000e+01
5.242517852783203125e+01
4.760620498657226562e+01
4.965217590332031250e+01
5.808759307861328125e+01
5.558559799194335938e+01
1.401144599914550781e+01
1.382514762878417969e+01
1.446805572509765625e+01
1.345271968841552734e+01
1.373936367034912109e+01
1.406216812133789062e+01
1.475250244140625000e+01
1.507530975341796875e+01
1.588175487518310547e+01
1.536707210540771484e+01
1.623569869995117188e+01
1.644469642639160156e+01
1.042642021179199219e+01
1.321127605438232422e+01
1.980614471435546875e+01
1.440989971160888672e+01
2.055308151245117188e+01
2.356642150878906250e+01
1.749949264526367188e+01
2.450217056274414062e+01
2.292713928222656250e+01
2.804559326171875000e+01
2.798598289489746094e+01
2.993962287902832031e+01
3.048338890075683594e+01
3.255280303955078125e+01
3.350447463989257812e+01
2.923041343688964844e+01
3.643285369873046875e+01
3.418760681152343750e+01
3.986209487915039062e+01
3.624333572387695312e+01
3.165103721618652344e+01
4.018984985351562500e+01
3.459395217895507812e+01
4.486602783203125000e+01
4.433143234252929688e+01
4.528284454345703125e+01
4.735888671875000000e+01
4.223864746093750000e+01
4.810906600952148438e+01
4.816675567626953125e+01
4.582240676879882812e+01
4.852841567993164062e+01
5.487900161743164062e+01
5.653017044067382812e+01
5.511360549926757812e+01
5.237990188598632812e+01
5.207741546630859375e+01
5.900441741943359375e+01
5.760712432861328125e+01
1.297749519348144531e+01
1.441925525665283203e+01
1.449567413330078125e+01
1.452504539489746094e+01
1.463313198089599609e+01
1.397249603271484375e+01
1.378557300567626953e+01
1.548822879791259766e+01
1.578978729248046875e+01
1.506568431854248047e+01
1.703496360778808594e+01
1.762129783630371094e+01
1.590571880340576172e+01
1.990145683288574219e+01
1.810916709899902344e+01
1.857012748718261719e+01
1.670416641235351562e+01
1.375533390045166016e+01
1.461919784545898438e+01
1.384333705902099609e+01
1.577483844757080078e+01
1.415236186981201172e+01
1.117645168304443359e+01
1.522724914550781250e+01
1.447651195526123047e+01
1.485399627685546875e+01
1.513952255249023438e+01
2.183309745788574219e+01
1.773225021362304688e+01
2.402946853637695312e+01
1.843250656127929688e+01
3.055991554260253906e+01
1.937801361083984375e+01
2.644226074218750000e+01
3.129976844787597656e+01
2.624000549316406250e+01
3.225104904174804688e+01
3.241178131103515625e+01
3.298041534423828125e+01
3.219105148315429688e+01
3.807075119018554688e+01
3.632908630371093750e+01
3.538581848144531250e+01
5.237444686889648438e+01
8.941754341125488281e+00
8.987506866455078125e+00
8.032981872558593750e+00
9.117827415466308594e+00
9.062964439392089844e+00
9.817099571228027344e+00
9.744366645812988281e+00
1.010206699371337891e+01
1.091619110107421875e+01
1.025685977935791016e+01
1.103158855438232422e+01
9.952272415161132812e+00
1.228290367126464844e+01
9.887008666992187500e+00
1.132622718811035156e+01
1.296200275421142578e+01
1.168224143981933594e+01
1.255156612396240234e+01
1.275479888916015625e+01
1.395992469787597656e+01
1.074172019958496094e+01
1.286131286621093750e+01
1.233377742767333984e+01
1.404032230377197266e+01
1.339356803894042969e+01
1.409132957458496094e+01
1.427931404113769531e+01
1.502834606170654297e+01
1.362924957275390625e+01
1.286145210266113281e+01
1.479248905181884766e+01
1.716326904296875000e+01
1.521190166473388672e+01
1.441239166259765625e+01
1.403930759429931641e+01
1.527454280853271484e+01
1.583911037445068359e+01
1.998473358154296875e+01
2.640453910827636719e+01
2.284882926940917969e+01
2.412940406799316406e+01
2.834323120117187500e+01
2.361840057373046875e+01
2.194584465026855469e+01
2.772492408752441406e+01
4.422585678100585938e+01
2.454338264465332031e+01
3.341720581054687500e+01
3.746886062622070312e+01
4.020386123657226562e+01
4.229183197021484375e+01
3.905348968505859375e+01
9.729129791259765625e+00
9.383747100830078125e+00
5.876004219055175781e+00
7.863218784332275391e+00
9.567408561706542969e+00
1.115412616729736328e+01
7.161008834838867188e+00
8.628788948059082031e+00
6.375541687011718750e+00
8.251237869262695312e+00
9.344295501708984375e+00
9.418517112731933594e+00
9.595731735229492188e+00
1.007985687255859375e+01
1.065190505981445312e+01
6.226150512695312500e+00
1.265867996215820312e+01
9.859059333801269531e+00
1.276754665374755859e+01
1.130212116241455078e+01
1.282852077484130859e+01
1.077923393249511719e+01
1.362578582763671875e+01
1.096435737609863281e+01
1.265719795227050781e+01
1.206673717498779297e+01
1.377953052520751953e+01
1.395226192474365234e+01
1.796673011779785156e+01
1.414996051788330078e+01
1.499073696136474609e+01
1.430338191986083984e+01
1.482591724395751953e+01
1.548664379119873047e+01
1.543249702453613281e+01
2.222601127624511719e+01
1.469981193542480469e+01
1.514809513092041016e+01
1.761154937744140625e+01
1.822244071960449219e+01
2.223549079895019531e+01
2.517148780822753906e+01
2.710350799560546875e+01
2.270574951171875000e+01
2.810792732238769531e+01
3.271775054931640625e+01
3.828860092163085938e+01
3.551503372192382812e+01
3.262931442260742188e+01
3.855958938598632812e+01
4.040709304809570312e+01
9.321147918701171875e+00
7.860242366790771484e+00
7.999108791351318359e+00
8.597873687744140625e+00
9.338315963745117188e+00
9.319023132324218750e+00
1.007908058166503906e+01
1.018068313598632812e+01
7.692681789398193359e+00
6.789167881011962891e+00
1.033796405792236328e+01
1.226649379730224609e+01
8.714533805847167969e+00
1.017237949371337891e+01
9.704745292663574219e+00
1.068916511535644531e+01
1.008289051055908203e+01
1.042006206512451172e+01
1.252751636505126953e+01
1.277493286132812500e+01
1.038149261474609375e+01
1.228342342376708984e+01
1.053919601440429688e+01
1.063787555694580078e+01
1.363294219970703125e+01
1.326198196411132812e+01
